467712489
42816371
2452137170
2886648994
15640646
239938617
735385566
51124892
747585390
2226473150
264555876
61710647
724659744
315895692
62352806
183948528
45406850
826754628
385718466
300203017
144804999
284566764
897377572669009920
545867562
1453275032
33612908
16242863
71073851
558215877
15485441
2355004184
272230000
1139325710
913792196779708416
17076218
1040690426
85233317
278516784
16557431
76041806
2439220064
378743736
87115541
141014050
2438311802
63604508
2175112274
14333756
147966474
2445321452
24581048
176769813
558572709
18440438
534745299
562696581
174369819
463777608
3166813130
1471405406
490645569
1417928000
51674513
1006169108
20332679
19077044
1253172344
91240835
342880502
8963312
154633280
1499232864
1427819088
239124380
822815182393065476
544333505
310672436
1618730976
222165923
347607131
608171108
106763540
2959147470
550336226
16537989
137116526
119573510
749404470421786625
135236273
998242564422750209
3289240398
182646320
1496739522
2255839644
547698997
2177173596
59199168
267185120
86896038
229674020
223272482
346146611
771058757434572800
29844579
2928556470
14569869
225313169
114484253
604842260
461804603
117102398
846439395016232960
1678548306
254650064
2405972748
2298803394
55594587
564631124
943073006
131570753
312751823
221839043
1335999216
6781802
1135877646
116325068
116611790
1368178176
19708968
2186735394
253755500
1619779116
790136510
900045860
3086994153
2267737617
4532891
555203372
132830366
1388988012
150124379
159084041
938469204021469184
837414074132606978
1271646481
929813089125588998
110403465
150711216
16473793
892792496
76593802
34895713
34867057
2934009661
39927901
39255637
807219840125726721
2378134129
1029820639
17128975
67145296
17889250
968714948
34238668
2477327017
2460524737
3018024769
68075842
40898254
83166727
38427754
33884545
2972605423
80628196
1063700869
2423734735
94429039
19916572
213240534
19940791
2968601413
121341903
15862891
2287140961
91508386
4808016715
17846734
39306847
95540269
16348549
728130502733930496
95883322
913028718377005056
1129425277
1335682831
16193578
83291674
132330417
1652541
2744574160
1038703693
18179554
3367811173
845360182607589376
224176099
246912277
471703396
743063090183340032
443263099
4556775395
554234854
146808904
168625831
762126629866971136
387044761
1031752122
421955743
16330902
234513598
892501717
306806485
418447705
367926511
106929904
228186337
3210208413
14346303
1316055120
109651819
377341555
150746683
368815711
415781653
99566858
217437781
603385285
150395278
395725333
1979190776
322756294
931174645
713337475
136469272
255827290
183052795
610628629
1033028106
170965705
365728243
212319985
710772673
183734266
2302620180
20312664
262749118
870188413
794376310978060288
3031717200
128329717
96497966
182069086
23083404
386707036
111809956
341863906
1638058898
2401374210
2785960469
378233374
148466830
47302521
897287364355080193
950391445
337741447
629193910
2161115061
837316817324556289
779218123
547838230
968133364485185536
67647998
185218294
1570434660
82171278
2912331852
64419705
495319948
2166806700
41926743
81856710
879730098970267648
36848025
3147202359
1016773517587537920
369597274
2295337212
17343387
2163553326
24693705
90921168
39091293
4110375555
1004764640486854656
446974963
95064543
15257790
73954053
16083576
34676280
342299986
1521770148
226040501
252875977
31744917
16736535
228887368
520250204
37372338
67134249
247977754
17884125
2549172114
94805910
101011196
1243573092
36165609
1405381086
58560480
1275451704
398836690
158515999
896533819
21786831
1181493252
19816812
105305231
1004073678
2425410558
139954867
14579415
70726185
18708066
266887195
25688061
16667262
15317676
1151660538
149448967
256747696
17896311
2303471682
2835312057
51623469
878447185
224290010
872185597
2811559122
36204399
1329116436
40583484
1856350404
38623068
69451632
20641995
40364991
705187969
11819862
3019325733
91796121
47191725
548768095
26175726
2443677496
466573221
192685104
1450486789
255425706
476621523
33251123
1584766429
175524309
2953383298
814121478
509903343
495103914
363900537
236628153
2449235599
294150384
863262342
434268450
76943986
722489951179403265
243173367
147370518
20731304
884092539418152960
182173149
815002578
355303278
1968633367
247062249
1710779965
3137992297
527650146
71020190
6690852
235533717
2785480981
99943864
162173169
391432644
780050
3241838887
14502233
501918282
156845052
106397073
527506722
275692203
166026159
128852631
322951176
912113748
14105540
2685951655
233217936
1723491799
2607096499
453510918
313981047
885003066
149714640
111275676
541261629
482622453
820278777838260225
14183021
160159077
2875360759
192730275
9609372
334921284
113816349
110936556
116588052
14216123
4096069693
212266188
323972181
140446791
383151753
412545313
2379421646
3249308366
103053196
19129949
116313517
46578464
726843661611335680
2612809808
282006208
144000388
1424567636
7259302
2754429326
2359556900
1697531264
964633354531373056
1709847242
103652362
18239795
2981911481
3900596183
19468466
2370095387
134547013
17866745
18783665
2550088538
3306242996
280092340
290181133
1344893804
364959699
1294912754
1375507088
19509884
248226004
1592851670
94466609
1561973462
81577367
381107116
420219280
1576583414
3352286357
2237649551
2399173802
18938807
1491180668
310441654
3791723174
217017451
34927577
15593696
2340955790
147233107
73459349
613512037
1047707161571328000
1334673584
156016720
907152121
351331309
132433435
254603350
419353120
543013426
2420683685
71478395
2741137937
2265168248
2209583375
2916404666
1262399822
106082551
1296935270
481055005
250191109
2953272923
97979210
583783046
386934416
20521828
457590482
61314535
399730544
15308443
95023423
128181887
998977009056444416
2391232105
399830372
148711787
55631242
73420075
2234121841
105718796
21037096
543186638
813286
464163488
2869378818
80635411
409932674
1051021585
184827671
15792031
791202642043269120
321000402
25417360
545409188
63320347
937104758
18735040
249575732
71225650
359245295
859000027011624960
2260150651
14392252
579935321
172542995
454119569
22258315
275447294
948335156
528507656
178866422
199719062
291922856
108456596
3011737321
451835819
34239016
155769461
735613874
27801361
218697713
467634392
76070341
278519480
40212757
2250901513
22956220
142980929
2534800813
28019068
19106719
791449
32626186
1378044421
1607241085
547977614
57339160
299291756
566680694
359767085
298199741
26327095
83804335
718927286
42208855
18750157
759460784
479914394
374294966
624818975
180577895
2183080705
242796587
456792557
2846040640
130242231
31641658
263300013
189560687
4822267210
194975681
3435630622
327794846
4411292416
1112088823
1342207069
3019223383
1571133319
35287180
27178513
23508439
4080133834
19524742
30129478
71783170
2541363451
218488955
1518220519
3222118555
614754689
815679446
17442457
383587781
422398976
2351661019
189928814
3333338062
33705457
488970833
18741652
1401272485
53824372
14790085
456605888
49536214
14848513
119456978
294198566
51529219
80396134
87307603
340470628
21212604
200077738
48749099
862884598216130560
65477786
1951556792
456361810
358233640
1156489574
793998876
27014121
821215184660393986
1367759732
224168353
124450567
1396439852
112690339
2883841
847113145
105970552
952168021
2458134986
42858599
92985467
2727195089
198013804
15976697
201718078
268434223
2406546896
123580195
627253333
1769551
804028724987494402
393032536
2346985328
100766356
49375859
103772491
121657291
112447717
19678937
2199641576
75279848
214891135
2590473956
2976581543
36100710
179201716
4885546127
66926876
193093810
2244999191
400334965
2852407598
624517612
124266832
422028358
1484162798
120538744
1764639194
2844734828
3990931
21271500
304520848
1586237918
737081035
26759984
622143
2266976480
904506863596724224
2938477910
3164718758
454324273
238364017
96738962
853171243
1293787292
41421105
105719173
82789484
105554581
336157900
36759246
106081433
34068984
251724140
593689918
48962805
186101324
1473354078
18775482
1092087096
21247989
113317910
1367531
2861336274
2824444743
570200255
1148137872
78039816
123546050
1653727326
19564719
2586195402
2444516970
301655015
49337907
2481764343
3800348718
66385167
1853693322
422041940
92393934
1336196760
22708797
2904024759
410203574
1375647900
141161453
26687751
410805170
63805938
1288352436
2249271564
40589808
310333445
140225642
1274894250
713184088719540224
19796721
226061405
241192205
63375729
2954147280
203145074
23375688
36984408
1448217636
245010194
2836421
16299627
3082647453
2394340476
976973737
955529995
30618215
448529505
232824777
716110115506622464
567373425
22606901
44310851
21771224
92140604
21185126
14434613
34253207
927351564
797009297876123652
881269350
341946933
303238869
620977821
118288671
418187913
27151820
709807650
14114267
1640879869
592981251
460982634
2424210731
283824663
127973382
20546522
297174372
321980982
242618658
14591141
296838123
1589907487
118371948
107778741
14521427
60817022
611582397
16231175
542270778
262968243
1002309236
23442551
3097948927
3383003321
459167208
737927700
482483706
921164568
20525174
724463826
23151437
382374582
390557283
461277906
244714785
14154272
20942423
706253784
499219350
471378714
20812193
580089228
973224960
1652526218
550610050
105082141
2491508162
2832528206
18424289
73725383
279185985
790017240733278208
51029993
17833574
55176518
151041505
2683430642
96322637
1851545900
69183155
28054874
2654439500
1421859620
786509563927277568
2425706237
46282259
80878133
2279725112
1577706050
3348071480
5460412
2397349010
14276189
25552667
1195263056
2425816217
866648466
2309880170
92686016
65773523
2385417602
767396
4307623643
75711719
2790236045
1081279532
306701131
2922179132
231112057
2423067464
982704071328092161
885179286
30973
1329900518
80424488
244441120
20499770
20985527
332250142
31285982
326984697
1015657742
42836285
2455407434
3202726835
20429858
54280694
120150508
2268691220
389416968
34946543
1027350758
26516576
1068343760
21749564
16967612
2943615224
2730263771
44412106
251686253
219294551
5988062
236942183
811563716
423668324
3098765088
717313
362284562
728249330
178118507
388502138
46440103
251277482
380570951
233488091
224495471
846127325699870720
234521957
244628228
2459378088
184647530
111439649
2472738966
24502450
2225699838
3141032242
274251944
471625076
1482179886
171337448
186811328
562540682
1196559378
504731972
632822483
252828803
135416747
328045907
218437274
161482772
378325163
2898882306
239018807
55659987
920610398
2990728971
468655121
331726637
276360590
591555224
1219758966
115546295
22393012
486624314
97893963
784747158922821632
725761109559529472
192611378
31016461
148753334
465521654
9269372
4459687272
506437283
295413356
69675579
263710865
304768145
100288793
106139099
211557827
1678786722
2150223160
2617776990
154670681
2787157306
2267288083
58826629
220195443
60112031
2160498763
537524220
97537762
2197092790
621681015
133693041
85537477
2800469755
18676369
68593717
1588836115
729101640
23977873
123750057
141711645
496584998
62100113
1596661453
3273557347
38833957
5940642
616400256
927340061997314049
1566174187
1869341275
1289603089
36439939
2932938109
711613560
597878828
25963876
336004914
18871948
112523709
322758021
17469289
1195257565
2438954290
101825544
463203444
2537960194
99561835
4849801408
2379160873
2819694403
234633153
422914242
513112719
2894661271
44668684
88950376
1694047861
3384167860
2309234977
991384984995991553
109531911
4925593090
1347595525
205562604
186598799
253162254
1038380123710545920
106485105
3323335206
181099378
56246250
124765669
866373247
177941755
166092949
757303975
2724427200
43563720
2224260354
198963019
947217853
13862172
1661404440
790680
42102939
14614833
555862555
1524730152
21158274
423926299
83805213
26239116
1058919647213432832
25415355
1032457044
257467708
16313592
98421600
24472704
72047325
849258957768192004
2401624056
16794201
636533974
870508495
810969172888944640
233968474
3317108412
387720865
61714263
21793251
21447363
47070156
590316679
1024806054
31090827
3053048142
40340946
957638029639913473
22503279
2780202108
1433472060
988296171436244992
467646256
18238260
1252317360
3174505203
2303406624
18131961
483579235
44440275
788792041
187982680
544655767
105710210
44088315
80811447
70683270
113125130
114023501
82139514
1944025602
15245376
14448642
14166096
14282169
64526820
101879887
994111987
277845835
600499984
22549812
135300500
301112153
288773752
55284063
16981026
83701293
15248067
777983107
28403745
2835630150
747958680386179072
116769784
19923144
768314389
20833944
526677862
1650904332
14215938
183398746
36958020
60851517
72378123
14149932
739293
105043121
15432891
33602577
1081628124
2165381052
3221217870
859364185
804835993
2206110948
41360559
23536653
1723234506
227296786
53146923
191695567
55307193
628982536
471838819
784761385
1276730142
456177793
1018413906
716433889
14184942
598813483
17028456
24645354
19426551
2492023416
30323859
1371634332
21188490
27834261
15096075
4155011358
4477044201
2588183482
1278377149
1019791885
19397785
58908838
408911226
1604654779
13018112
2288138575
205561923
43310150
223450467
115461582
1129947853
161126952
2318968129
1579099513
153810519
955522961506750464
456723411
236158107
3066702889
2218438975
3258575329
107930490
70352000
514928121
1956371485
109237155
2150773897
1676542927
2287569091
2498702638
50687788
223831644
476362131
4062837748
2727609826
2439526297
203420499
401827209
480249240
267425142
250920294
123620874
158906112
462007707
527612811
131943480
994825296309301254
2806238839
327422553
424720725
88779721
2569615681
732838734140444676
36884066
2568313562
2260304978
838509693429559299
1644129194
148759599
321125740
3820376903
141300574
26289923
2465436362
1433367608
86271665
2632291
2258714606
96448406
2368540076
14669951
19932359
1100927498
2249273336
78723428
18469490
18657572
373024213
35737385
28076891
105821431
34843478
55432787
78542537
2792831540
6017542
95531927
105547201
3322078934
231354142
130823503
501337024
2337057608
200570353
538949379
85270883
193896993
3299203382
776489862
14897840
978991024340131840
45285656
1854305474
623422330
1651619426
46092587
38652395
73650794
147146101
3019691246
332710234
352132252
2184009647
2338346534
1636329254
100629223
1135688252
2334273458
19394186
2960573252
1252587218
2193607094
17193794
2557928030
1445019458
22885574
16667447
728040086848319489
2363987964
154957091
338163791
123681659
369625532
196463183
18633022
21111883
763419470
12513472
921426764
16164520
42256402
16221481
705846704
104609993
440784095
221866385
238149950
403627397
1039491917145432064
41246008
177581534
298139450
553785251
165761267
588630461
85989198
14222518
47132215
168731366
351999221
129633845
540777353
112948196
911951797622902784
148360487
119166791
447346922
131388296
2416820011
1045212613
353325749
366417743
101379497
50627014
21418513
757309819233701888
625458452
44409004
3185320003
916641536
377662109
1213081351
167118683
62159419
1408706821
2612293840
1238305681
1606033945
84195118
3081645028
2322937225
76266622
43768063
1589902021
20566864
1471207375
2851938001
79194034
1607223709
101151129
508662899
1618254163
27109378
59055175
4185111
80921539
2601709129
265014120
3236431915
43154983
14287474
25382962
45698212
71382295
18812728
18776017
212302245
766852874
3313360990
57083275
986775452
23457682
1337464171
52558480
18944209
19990540
1701373465
25132897
39321874
2670321
44908912
81225298
2835653131
39215566
2164494214
1721742157
47650483
3108351
2943566101
18538525
2900157139
47964412
3989896755
52552927
3262143763
2333462725
18426970
32856634
37494271
16409683
80413939
3319800715
77920426
55947313
71319853
2806226290
2290164373
217749896
2720186326
100731315
244230312
266956478
225987587
1036461709
46318078
18999809
380663119
1592747288
105786154
225445834
130934881
300415996
277106086
742143
3586579334
770038768220966914
146536075
17679977
295230196
515256733
1494549962
2438012100
791250175
2278667285
288452305
129712915
564474061
20710218
235793053
373495222
826093333
419731813
994311271
413482537
575704180
303177646
156040579
2857705649
419328316
375135445
130314799
3888664280
22610091
2566083968
155659213
968042723726036992
834228127
229191436
2589923834
24180105
219992032
19621110
27948995
14230524
71023251
21824310
464353156
4082696954
152551783
158426128
138643174
552725164
605805760
261066475
3587775920
716788525866332161
218570536
151595281
403357870
20003448
115637932
127683262
178045174
2994592193
17936793
103981160
1364383692
206952230
70179948
146710910
1882281708
1387188162
150242555
953231816810315777
728072065245319169
15075999
2768501
4223529927
86864472
18938394
65845089
133413860
2885206563
29949435
332321195
341375420
134332085
334102709
303384170
68765193
3021896853
2358642654
6776102
3246552765
2826913680
2943284364
16186995
17471979
69168087
18678924
2367911
322526117
39985029
1131598854
2729506932
19263978
2530946646
2594535174
47989062
58432995
35359596
330432644
2159697150
772550671124074496
23588838
2371478724
147020852
3632660955
1249904934
551507402
1541524698
105711392
1338097464
254115362
18862596
2216593188
213570812
847029307310587904
17919972
74838816
2185879122
421077323
84219696
181510940
2274848604
106445504
2924946324
1401891498
27368199
1863490824
32451329
628971327
172729719
848662740
268095618
1634516120
1575510320
11178902
1420308074
759251
362909565
17229503
18161336
1166107502
21273590
52544027
16308920
14706902
31404917
3189798943
222789645
16585310
146962935
337399038
14223809
26525324
108196938
792375354
461918556
14908304
255493944
308287890
1614247400
4855688674
1281280700
577655361
620999064
526926393
115885449
26902613
1113769100
28706024
624858417
844779426260791296
815647194
17466140
1062384240376057856
2221432382
261944586
2257879993
278561826
488512845
1255771100
55420922
304679484
21658412
90241355
22474811
31444922
239625459
727019388
453825972
980252856
877565375554215936
298048905
993363480
996460902
2441043272
551538594
2469836959
807095
93311525
15308156
33625790
21866534
200430028
2961704150
43910684
1961336024
53106875
16814960
536997660
1548750122
15846407
194908659
819685194
50393960
44683523
1189900322
44446850
35293850
25365536
2408270840
15040988
3550084640
1002706964
280986369
1056580334
564109899
508783596
26483183
227799456
39941540
67324742
2222126594
15913
3150644462
2610663146
904994826
963418992
427288938
509582589
712443214112935936
3300861167
13657922
3405310937
572195697
995937630
1914626330
339659349
41077970
37019708
391826877
1322467172
5611312
16257347
18244358
48336713
2340008558
3075931313
18512945
109778478
19923515
38537315
79103654
112431151
90635543
102200239
55195136
2901953015
1548662102
2361460850
2902617422
136024120
1891171214
3304160639
2430914192
1160306918
15450695
364591869
17187236
331989774
176755299
168789642
189231119
223617437
135938060
808280162
161452925
972532340
356324165
194321816
608080265
424446461
135069164
32221027
103618826
1424000143
115963433
117202778
4842711789
235092653
1668972426
601341785
1373388738
495433160
223534835
701815436
523380374
287139302
580525442
130668812
3116779908
1901949198
90997089
73200610
723414284
2345889714
268506350
541170773
971178848640520193
942925416850907138
2200899777
59399268
115202789
194218703
115873334
822903103070601216
569704121
106098830
20270332
423490913
2478183882
1564498860
252196811
2480448678
613508372
164345318
113622749
488011724
115607690
22411342
2857834365
123309278
1076119924546985985
162780281
25659699
185344640
2928691509
460655540
351017477
4714956096
118509623
122965433
2655791
2876076186
243853541
19478383
250121556
47923477
43298395
1054684530592878592
498378398
71515969
797755586
2338730188
74666509
73438486
3590765440
53975347
1962402919
451623060
2855732920
153810216
2532821389
2241611899
1245496057
701615052
127002708
2327288461
2934134629
16929349
68638255
2257456093
39922594
18219976
17454769
174243123
143531181
89934622
2172327199
2167754641
2383682650
92174767
1422126799
250169004
1198278313
2186755171
101772207
2768922304
26565946
70394965
2557521
134164413
3627483613
1445374915
234504612
23645599
2740307758
1959425161
311321484
92563198
701250750
619399679
123572520
45861757
1914493741
120816414
2795208109
3430977532
184910040
2955302197
472966889
2214647953
106903512
121284072
225206811
2259804247
259798883
139202541
131594211
3299257600
581662807
190608775
705936076565815297
3021259014
1587974648
40398210
228509845
211001312
579307831
343791862
128216887
729462247647551488
1033984048056729600
206287990
2897877407
14119371
170568448
224916991
316465945
50069007
34323417
23043294
97104042
523495375
128799124
429950914
17710740
34570323
240889813
876064009874747392
144666448
449470627
389320918
276197452
749491351
268751716
109755394
14671170
259613476
767184145
226266379
382258177
54311364
227942485
2334005046
391639417
15032862
2173033080
385117198
591612748
144147895
148326667
815841475
1293031512
272570677
189248614
716626267
460279825
490444549
457944154
109396186
368955430
252638449
4497835955
4113621027
773465515
20117790
628187173
14418045
52876623
77237454
2752601
33619791
3262743192
89414175
624995677
152114423
233205224
3365682132
587364967
81048495
38577243
953692489
1633538550
893663299
115622213
66643428
80094297
2616511854
3281348820
837075979
19622847
92074188
2824210848
175479697
23627469
54476445
2463115566
120143525
33512799
2374652118
3149062356
321420083
174214130
809510692181180417
3023174739
77225484
93365814
621100382
144082130
3920279115
1055490276
50916567
46982118
3193080636
74409069
3016924923
558652897
2199226404
21255978
15745674
75188460
975139939
29820945
1079108184
44554692
49727721
726969781
1589451132
85603854
381073791
226646643
125448744
240629853
68795677
36240413
378376122
456124980
1416121214
21313364
1490985685
708014748
14607140
435355815
1005564252948582401
42170630
750482565056765952
534243387
312960864
757821654571425792
1062317300
268414482
14423603
118667208
114157893
544696041
491090439
126743385
1587497743
731587116
465085290
292907073
706346715
872473224
18091004
131472597
400750779
1583766667
205990455
373706247
437622456
1963278991
206426946
124405878
261555366
127977420
413841846
463832265
2416088899
14401607
90420314
208651278
285298203
380944344
605460099
423373395
223116969
401775393
1972216999
14293310
553094706
231709584
852870162
471746550
1171100534
424774065
420670398
71208005
237619353
373490841
5649672
6825792
348093624
105783456
2899383706
16542230
194490327
554629512
475616820
220785771
2320102094
134138478
126771735
628092930
918372090
235741728
237882441
1048747987
560646552
24742040
2900587879
1201545410
131279295
12815132
245823708
1775731
13213122
62876558
511548205
26896439
317114365
1098366914
2490828194
153057640
2363967920
2282284649
392064313
79293791
226341562
1655904638
63677189
2773297820
1649356580
410089108
782496626451546112
78687173
24100116
770774730190098433
27737579
401439271
59329469
2569286801
214705156
606522136
384331504
180503626
490406701
151173085
1038692990
51447989
313481830
2550897515
413403853
1030869656666599424
2251584776
232492324
111615736
184004752
2590358492
1056986636674850816
114860704
3950165657
18197498
4880154665
2697652640
146540920
544302445
120808237
172425532
224084191
36850898
1388299412
235138018
1567185626
5763262
55747577
435372214
225906700
230930518
153323842
240734425
20391646
37260832
144972794
497370467
93152605
709876468617244673
807184478
43298203
63070483
24993400
387844724
921999224
16203586
365814947
11436952
1012481676524576770
94132246
15912508
562445678
54260419
23573083
44603356
232447988
90800950
180848288
708378902557822976
820943966
17861062
1422608701
20972371
587526194
2899662597
1226530075
100170006
235667666
27260086
925537664
283087496
162929585
118784585
1058130850578137089
505615979
194909366
15371662
378721847
2868926868
177194756
397493417
43229821
1461303931
535837673
169696352
70461418
299945621
385539815
181549694
2319314323
1333443091
2311267801
288948026
553429991
19272244
92242282
39330733
538285556
92525602
2235027028
50567305
875984489138200577
432779663
2198788956
13353862
20745274
14941525
40940905
385181678
42741058
15860542
1209342523
