1682313314
3006064373
73141088
3087722102
82570028
2243245631
3307702109
29021288
1091396210
1174900730
78054341
2241973103
1566151250
2979585982
31539524
3015205673
1058270342
2853501332
533885079
58614620
2941331162
149765637
996130794
3032426165
1291136252
22633646
1209812090
1054172714
629919354
1920007904
2223355820
139794816
1400849420
1978839685
615419877
4383007034
3233325308
65401664
824292696
16313297
1661470322
40291871
737734728
4264220174
249873915
379521795
944670684
16192823
1105801358
117928569
458257566
299817723
554067867
1053216716
412798449
40307567
3026180435
35616416
265738935
3246120194
90905432
593481765
14366543
389890902
544799064
3703243514
343743987
2734133342
476496615
1411838132
3987939853
3313193810
35528306
168437973
283021457
41161102
620191805
2746337628
2188155468
576499978
2871008877
3387153855
406409513
2261845596
4451757672
3384265881
2532837963
313357514
2799034437
111354647
460332176
2953542846
1901195994
305680208
611657123
341691332
2162839953
1684391718
400088165
2948062269
202425971
3287818560
2693708832
566513150
312871730
3930997512
1908756390
261084272
349113353
1601475798
237058205
1715866932
2903963259
854201534
2462856456
3593771535
2482090896
290152391
426501554
2389459800
312931148
4097930772
1442867772
414640283
1691697900
2866224657
434308370
152199140
87592296
3308496744
103863704
2412972607
2893011943
2369454025
4166710393
2283543823
377767865
3365209246
255310143
83291728
2990291701
19191388
3134399143
602741040
1148460439
602315322
2972708023
2864723044
121422723
2784221536
242201256
3318409255
2295261625
1299060607
2960017537
3068425183
3303855346
1467803281
4601655193
83683408
3225319816
603333105
2309170459
1466703355
16605976
3976414213
2226246259
4138138633
3234273907
3292941550
2943664510
1191284419
49775161
387963785
2223199237
179968583
3165751084
1651183375
3289231435
212261532
1431480199
127110363
2257653253
29434783
1434623629
17815585
3304276168
459585992
2297015419
1117291927
1536911095
211044804
350425032
2857420840
2904616336
3461663056
3019448191
613744186
3119665997
42320058
3986746283
263395921
3566757674
1420124136
335395813
21336054
364545427
21527205
2778671666
164438347
283247473
268751128
349991500
163237819
532157179
15830412
317005888
956123437
357961117
4203016035
193372339
297149422
1220305290
3201005265
972830029
2865679427
906425923
2200132293
132457819
1941877892
722942581
2797875551
387038254
415848343
27051027
254607817
702278455
1916953958
217615594
1124003922
474730375
44321730
1316215032
455567062
2997568550
139758430
45161016
2545978907
250951747
357916018
219874207
104899180
1062421026
1112944590
1733822028
131340008
347692993
2292832332
2381167620
1146556242
757937941
3321861183
40336947
4104904392
279374398
369679642
1326731076
2812540626
2329415154
94802265
24922764
962688391
3009372480
2302078086
23973435
3242533095
505000901
1226470194
472588972
3421470951
3313546470
50797260
2334424716
764179099
2707450740
31648644
1495120194
3387512331
838091869
3312287280
1386364014
245287897
545881939
383628985
71379711
3318703632
299441986
3141216486
1287087210
774828691
4172221638
595089709
1317009564
45805059
27187128
24847353
3534004638
398069665
2966100624
3152501892
3287226222
3415512285
1132776360
14653089
3324245616
39288051
71318808
211709952
11142362
108808263
275519511
3028997653
3688450693
2736673189
512276319
385216443
3287882455
1514599567
335376027
433617525
351222498
10145612
3289576129
376012638
254738601
2965536592
342682560
80999737
3317839639
181069272
1669774705
242821575
2431387897
175473603
909537120
1071604010
253030995
219910707
3463464796
202974156
253466136
2581583929
881182314
339360417
463193055
903073842
1941596719
491830506
286059321
3581994913
168111378
3250222040
369223407
1709484829
22942001
3438185938
101543796
1955693167
128650635
2464953955
492516531
15301343
2198357449
240399054
2442864796
120388905
838502514
404612694
605565315
3287027977
2432695399
473556033
1240102604
1532869387
170054766
1723891957
3229067995
2393217979
191361825
236486106
2467783618
186325236
2339717389
264491208
2827142990
5743432
2364414488
35798732
362710054
294879678
3862072934
1531168874
3288842234
2361870980
202602943
4223896820
1902145598
3005999630
47499461
1651736654
2332555379
2687223536
3692158217
4466334914
2877305570
78350498
59858324
15976691
3290371982
494002234
2898613700
3673821932
2562353909
3149682218
61694837
1587081356
3378450059
224252173
403173316
296868795
898732788
1482339860
137141362
2223496619
309324061
3252788801
1394548280
1264637672
3294732860
1373336288
2190346595
1964221856
2320579934
300196108
413651314
493497789
3944737160
1656623762
2381148548
1668149720
2838900554
372612403
3422980817
970585998
24594398
95491862
16478990
2749195232
2225455784
3237515738
3189277430
3257929151
1890821762
1378871144
2706507917
83991923
371672020
39194666
3297753431
2642657543
2802302704
265196636
219487526
360783926
863278244
61860520
4128024430
30425284
459781352
2602920025
135693647
13630852
552556484
585093752
1628775798
22293055
35134309
458632493
230488919
12595312
1050096331
456717176
791780606
295722548
135563795
53524603
324379088
35333038
329191487
3280081015
2641211740
2788405899
194139854
83314414
325993661
385904339
1105326235
775081178
384494633
208315979
2966578566
378570257
297526355
288061685
222925976
452297933
183945419
948150980
3023077420
246128588
17522173
25622254
46467001
198912491
701628758
824978402
10086382
18353044
461197718
3823984878
299394251
833985422
2241040843
2304042805
19307503
338286563
469760228
92840722
424683689
86026453
2816242513
2982601051
628493945
1690030483
3400714546
2286005470
3143061484
90880405
1377305161
1523642533
2986196889
465934469
458167829
30731587
51474841
460688792
2185310671
18433843
3164310097
167784791
91450870
3031785331
619744784
2480413705
21665671
2284523251
598652078
2763354004
393578483
464399942
24183367
476919617
47241295
1054224655
2292143083
890059946
2819670100
458464658
706926695
993056972
275198963
80544850
436978148
961897154
52398403
1105238581
2861200834
479258753
3018439679
284044309
301465096
473417503
2874620795
2557828094
155790304
543113548
135563416
3299544374
2687837135
505049911
2918873840
16031124
2189291576
1475262986
400008688
2771573990
341146276
2961735746
114377056
1639245974
3393094667
112165657
320984413
260544490
250231768
2953167296
2493733838
3244584983
1478061896
1558984046
260800657
1518993158
472532911
541144807
2624196785
505833082
227400559
2898091814
3435945359
2855378633
2451649658
3292981394
2202170310
4194644729
160352926
2476208768
626145415
2864106887
69729809
213490843
605671261
265536304
17588849
3197629148
3679821383
76654598
44001801
486123433
2965914446
67679771
2766841169
4067940749
2971761881
3219687284
58997732
2957206289
233753182
706835023
601942084
232259317
902660155
1477585832
40122045
2434929810
425501261
3713829252
2244351768
2161551948
1036593168
4340912892
57269454
2961731166
95760717
220494041
3299614305
46466493
96594090
1254516558
99127860
3329528505
1057573068
836479597
165062420
117030671
104451533
2951281068
3439123665
1511686806
613080314
271242521
181572101
1515532488
73506786
143153117
3943702392
20100340
2435346834
2922268353
102982202
109170521
889730977
2532804864
2767502085
3192686232
428140124
3236736642
3178168125
2409498510
2188582026
2805340929
42893178
2901926526
56109876
2362805646
264121073
44857059
2352569820
3160976631
96139671
326078925
475175670
12052952
26133560
41401673
362075658
951259362
1896488527
495273264
359980404
21125645
22297031
971005488
805436466
512669661
2300173172
907187028
258478116
316834494
3322210328
21637115
3494699914
3432336101
2889365683
727448640
570456177
483194292
2604430016
3386567578
2994337777
533388903
1661700032
468051558
121857594
260848068
162770784
15092225
178794231
3267489874
2310280190
39001193
537841059
56207114
371557860
291615891
264184449
2965844794
343951197
807860436
15296102
597507225
291807276
614467617
2254221422
2777859517
14626205
2484866839
183917094
325993830
2541380852
2166281273
50438882
88930901
29086373
3012362696
3286321634
16398533
16724972
255797289
86691503
1390556054
40882376
1386010838
3160187534
842829588
498477816
2361049553
388589094
3800533754
81305759
164928789
3034488080
41458916
2173761470
2904622445
2310333698
599728356
26604578
4141747640
75074429
113200771
2916420536
346866777
2348612642
1473009950
1438143824
2376273800
28137647
72334487
3108634166
26297156
562984758
2675222804
2512664264
1915824116
359667189
3060478163
986498262
4041856334
3065286044
56138069
2714388032
3251632475
37307990
3382640066
368675577
4000918709
3283400828
2574267014
81775109
29909108
30485864
29054783
64596170
2310916754
1415981090
82425278
345813518
2880393984
416366381
213983750
427061639
3038365989
2406102160
312384683
314278850
3074829696
3357946692
3378614589
843730418
2817888651
2980536597
561631178
211099583
260866109
478622315
84685887
3392865693
283113965
354772361
481016648
341689331
452462357
724907522
363068363
246456146
805531376
355033937
35413411
332810948
408737153
743515418
609363218
563940506
30120790
111972836
2978583408
112802789
998131124
2159938476
24152503
575402168
3309257997
1477753758
21605503
349342823
1864506978
342475904
253554752
603243453
736016430
1097557525
2957034817
421503762
301574190
806307024
87480775
3287695303
2558700766
267031038
2243449855
830163432
94896901
1976043619
2293099507
704523342
422028183
115480038
315476130
1607282875
1534906297
3063996721
3227372866
2853096616
1267891381
4415645845
3953605933
2309509747
523521363
712847001
3163287565
710259321
3148380487
2356733935
3604991185
192180117
163024833
3281628907
4419831
1717666435
2538555508
2377559323
121230858
135385302
2905394860
292005138
77756581
2771923762
1624682809
3313759618
3758458213
3653537653
572204901
301071486
3385862362
4368286333
474263130
2669223349
3438727318
59279806
2238437917
2819015299
383312226
4066646536
1662847039
34938685
81266106
352909198
3341702352
3318512601
2167561110
956717191
3312511473
490535839
25507308
1320158370
2415811314
1105558410
28408224
788612149
3100871091
52166325
439163758
52053744
2998946906
449255296
906758731
548480809
2293801410
3979873394
16551714
368610769
285982633
3320971104
1703381502
14318328
53188032
37530732
3051226182
428238559
568579411
875124919
2151712344
3180501039
2362930014
846476335
476552395
880761
927653365
154773766
13253
3020613483
386582662
2900371521
2615353014
1433998988
17611734
22333656
402976909
25865004
147369259
493038766
3247113450
14516139
1688566994
884743057
1343037642
426628579
354993844
494294647
301233131
3130980117
437685097
3200925057
2243111964
3435134091
24883323
15522756
523653988
29910264
15298125
1399838978
546624895
1106935134
65125734
238968490
31457139
2320645218
3166053603
3396939995
3160025664
2580511047
54263355
1425134526
64037571
3291410337
2242313196
3241481532
3312192048
2661524223
271004201
1341355722
1035036276
23295435
938106985
965192557
20518539
40776090
41223975
484698262
3599869394
2451028326
3181441434
2532135561
2204845260
485960656
4004311695
266866249
887282149
2185043622
318768709
3332419978
377034315
1097590657
910031928
72648886
264288300
18588919
3399388330
55662988
20044700
630922308
122428644
3887070673
2485859611
211646733
2398376146
167561205
321436860
1372574677
350114766
307219650
2554790467
623407119
913305372
220851636
242684340
1095760777
2363458729
125218383
2391701899
2971319719
2619185548
2248842775
144762144
3319872952
1682374855
1296960961
759301404
149148123
1476991075
2635905766
98725558
3875295622
4627816519
2394940873
2342739973
360818412
84936856
3298120789
210688242
143448270
90756949
2995344139
3244949806
563640153
2459806663
2211596977
4067937256
1177471489
450228840
2825004866
96413639
2409008486
869559654
3291174194
2463415592
1362860816
108113443
1629520862
3017822828
171134107
1605070976
53863574
2168808080
58480088
2853126860
3409237067
4046753309
123214345
184022143
280306114
3231663692
3734470346
4238472515
28366268
1045929434
2429671352
494395788
57197093
4038367361
3847320734
155045032
3528641237
35289761
283010533
2707267460
135554110
223900261
1056650594
2903627705
35950289
48964118
2895032444
3726874400
2737327082
18764906
41365886
2249090276
2273637470
51153998
3177024890
3337612493
2174620748
3101474948
580001344
2881514381
969397086
94274816
4552933181
3287534414
2578810325
2218376174
2750217476
3625395143
353556149
857313176
857490530
147458525
739043384
279285305
258574901
147495812
154155992
258228815
33211168
378278231
271458239
527681453
1571050015
294715157
230686637
388274900
391778402
1624050403
403078748
567106691
570479207
587931107
479044373
102659558
574607606
2926289298
564538442
244733954
751144658
304913975
235417676
352825934
11117662
706305578
2969049684
172393943
17113309
338914454
523247729
633817553
4302224242
476264444
369911039
82101274
2855099577
171958370
573956150
295603097
383785250
262146488
2597987064
283914149
122646992
16931320
470005979
2595483597
31523146
2817823998
1413000943
375437372
23041645
4517021320
236580395
157436186
165577958
56815813
2372338144
133977689
3062470474
199973582
1268044255
3145976002
87302683
22563955
3430082386
95108455
1633515085
127251210
942445988
1583016193
59176333
3303432793
2462643037
3528645202
1626740209
27165736
2522367901
46928242
55291753
3122666452
27725752
3262844611
2411403787
967983056
3312653851
1083552643
3271063357
282966767
756782954
17304859
3022830775
16375609
2990025622
76660066
85164850
39661642
42752719
878449580
91665181
4142993113
2332729243
21539881
37066636
3083900914
34953652
1241880661
2312109649
1700033959
28747261
1027167481
1470186901
276837866
3250192861
3077047801
17621767
1131784363
3282462541
1446851233
2512155349
3302563069
40719925
276885764
1544469848
338254192
1965375458
188084143
551275129
239124943
106281577
2386674962
138449260
977161033
323288281
365297032
3258491597
1326876974
253191835
1427698556
237345391
334653607
376482052
326193805
143476840
2285982638
2375973638
301747825
2606949881
146428363
2195466974
29330112
276600808
272383381
293270608
48566699
2884456853
2998417670
2489810894
72191001
432190936
2952698183
317049274
307518247
2156588279
268366600
104449942
616303909
1254765698
2165899508
513406783
500934727
256106476
23622114
286126462
234643375
3483877814
439251931
2769935615
280160615
274002752
4080075975
414145712
2844553761
2718570906
1669422294
4188494007
124327640
3860569152
410403665
2792443824
3154590891
1387135098
93576951
612521318
3148448571
231214259
2935539711
2419662654
2277481329
1925362728
2756242935
1556652942
3199919103
3158451774
78542892
232164623
112090178
2535527754
463503341
244530155
108425531
2502597096
1239749712
2956070925
1949052924
55776825
221404952
312366071
1838636550
1663901928
122034494
1847841714
400571750
55864197
53876295
59073984
116663132
3944740275
28706697
3387713409
72793593
2914307568
1233652698
29341989
191123444
173751500
3262737960
3095754327
2930952618
338031335
181152803
428161313
624254213
224039405
29488860
570601271
340313456
604710704
105786020
3282398730
525801620
3709252467
2470783608
3268602666
107069240
400557314
2894251059
3708114795
2175697710
3669091452
3383239815
71560604
2654044400
3382678798
2328200156
290499084
184273398
3410625701
1409004344
350858952
360596538
3354034151
4157896858
188336574
3967868833
30543716
1037011
29041319
447918615
513880677
544382991
4087003520
738612918
3506030840
612999090
366147882
259168509
635901939
2282003642
291962808
537823836
128466477
1399878871
116010130
618691716
13089332
709602894
883813284
2307431036
331930998
295864227
988412814
3246372020
339366591
264046995
367189092
1035280226
703165878
15109265
346695129
24095027
276591681
347397831
3385967848
2938689871
1284586999
3418250561
1656202724
3962411603
1624821542
4516415180
848068296
31338179
2470014818
1013680844
51948170
38518613
19169423
2284100936
799529424
3243073841
50957441
1287101636
20774528
491569908
4314820157
868796322
130663000
2231476190
1167422912
17373329
1467026630
50785046
554958519
1143504584
807862398
2428098101
326369679
54149147
2201333669
1226091284
84722723
35720864
35457209
3286661012
1301640848
2177256041
3154437062
2512221956
86125841
4068221660
1961028044
19079207
1068221456
3728280500
246377868
448997280
1913843024
3225052286
1621413638
3233845421
21965624
394693980
2714432840
122203009
61615934
567588156
2399877985
143599785
2401319456
18847106
3100554872
3280135166
3131503199
63372653
34053569
28845134
2584074131
1383114716
116993598
476691783
42267914
44973440
122483591
257640074
463256144
131788043
139382900
165448700
484731323
901166336
3184878138
165624209
381523148
302087933
1357774098
2878751931
104895413
3167484837
3295996710
901571228
589022162
2334993099
343033496
2555897181
166882121
2751596682
2394624993
116262962
306408194
400802777
218432384
3315537879
166654232
3164188794
374592230
3637105998
3496371972
124640990
842196122
176048108
37885587
609101738
955350116
2977717281
1495947138
2758991280
3343397847
382361714
875001590
3342780699
2836678623
241278533
158043419
2893783443
256342733
332579042
122484275
110308877
3264569385
2582740788
1669188732
2577843735
238160951
252922634
716391404
316109708
980236250
770831810
3288028291
1590506935
17861479
3237436366
213335073
79928314
62688517
1917806245
2426865811
2846410981
3591041893
2363099551
78465193
352200933
1449155815
3953332753
2393726047
2818051585
3035713849
2290731793
38208868
3265353439
122028183
2614587271
1276337329
16378198
123228144
3471601759
55772674
3223536685
16198774
3258324619
2514678910
3901036876
2218930639
1658632219
3949010962
2824442557
2307249169
3177061729
3177501559
1686033637
612008802
134352450
55963258
3188365045
3256443385
1395091087
2261482576
1920847813
2193190099
895349876
1031655967
39566167
3257925073
84089194
3098421349
1623843493
313028442
1684444903
2903675308
3373740826
63676663
39586129
2370725665
3017295547
80459395
3386628340
3250678471
3014398348
2448430657
2377771243
332738908
481673572
269102797
238762609
4027111173
394135675
360991366
240576397
190754647
572838091
526581925
549875410
342299536
3244714110
605377564
759916501
43408062
22263651
154573594
21840345
250972909
199911832
61766010
420766819
182592178
23084541
4266998195
625824646
24910515
72126063
1599782558
35850114
485875150
516632569
32737005
233688382
298542616
286812376
383772562
118807279
521967652
259067734
23827203
24672033
183638275
3101509017
2839975385
555619075
41135292
63524061
227697541
2257630110
495283255
724324885
194981182
32364630
42185151
263590963
348847009
330597583
2615535057
2502317748
110482331
1436693034
968059567
2471384604
97026960
717985927
397494847
32348838
892569745
3284518242
2391776040
3244706724
16570956
52792194
496599427
1526209446
773679619
2227215693
77393163
2173167453
359617996
2366156712
2809209216
2923333680
2733938400
19646481
44324787
594729748
1349424516
2275266018
2856107910
2559048510
279369388
3170243955
528899905
256597786
493596397
2935260660
4116007695
87912354
1372316628
52474890
28345809
2561662830
4084149018
436100252
3180093456
4242657261
2244794124
4278258021
3339714441
1723166832
3075701916
1866103464
486893755
2741930067
3242431857
1574855022
122721332
45459291
3325432584
160302029
1635760326
3082505088
2874240426
3184592250
255373617
637056372
332959611
274553355
595155450
525685170
108726852
18625001
505110999
382525185
14046314
2916294697
811709832
794155152
329361249
603691239
547336911
222967641
587035713
403194297
2891994706
3676578139
475316805
284885130
3032272031
132962961
2985852925
806424366
1569475945
252499305
3269846737
228918333
264296460
2965318498
569043660
386642514
1948867633
196434444
1411627010
633428724
2302133180
202539396
20707070
448994100
2894295673
3199654396
4274498962
331257657
82223420
343938801
703335756
406727193
327164781
390146736
333143589
465153276
445142568
4494944719
318924291
3290944969
65112161
830276562
541959150
18027311
2907579835
574270581
610485717
118504705
2484523928
543401851
221602981
2618602598
264700057
3891754217
2835691706
443030647
57616787
319512145
3304675964
304393027
83994707
3341339795
90638768
2468059238
610710862
2874039644
2290331999
229851130
284112256
2972584505
184899969
218474212
416802154
64585874
2178486371
1468771094
263017192
103351486
889795548
429540304
67365983
1622929628
16484978
2458401698
1914668192
138161380
2826791273
3829803932
2586402938
112619155
2646299108
1077249764
2960981093
321519271
4358872343
2641735739
1152573698
230348092
3401279579
250216906
452533162
477989973
2833854266
4179350774
2947602791
4499219135
1832476196
514391206
2749819601
484523311
24215001
151717207
372274501
813844694
297360587
783908516
137846738
3179001127
2803341352
82323247
1111607167
56843122
2381471500
1308605071
840642788
18231565
502884785
50523916
24162790
366806549
553842839
136633988
576341696
557842655
259398560
3061671511
1352111719
17831065
3200944072
274556648
2868782895
365765069
3041385205
4161025282
1523630317
544678058
3348306022
29262091
853990454
2840542213
43126168
3163002619
3251455231
19730650
3017831314
1101549631
496651835
935717924
1479981978
561845963
2311146085
295260968
981192584
471179765
1077652021
18383161
393686282
956829350
858038708
108448895
1630352731
1134125707
82741018
2561434105
562357919
2325291331
3454511422
277538177
38514217
776337842
